2	Bacteria	66010659	644134	17551
18	Pelobacter	12014	2745	2
22	Shewanella	209206	10373	54
32	Myxococcus	35831	7715	5
68	Lysobacter	124862	8596	39
75	Caulobacter	129918	8858	31
81	Hyphomicrobium	39398	5059	12
85	Hyphomonas	41951	4819	13
126	Planctomycetaceae	56971	7034	34
136	Spirochaetales	141419	10583	68
137	Spirochaetaceae	119117	9915	15
138	Borrelia	8223	1155	9
157	Treponema	63438	6715	27
170	Leptospiraceae	243681	9227	67
171	Leptospira	238356	9206	65
191	Azospirillum	127786	9749	23
194	Campylobacter	91019	4823	56
209	Helicobacter	116389	5637	73
222	Achromobacter	166201	11021	30
226	Alteromonas	87795	7042	25
237	Flavobacterium	723762	18376	206
262	Francisella	19000	2210	13
265	Paracoccus	217825	10691	62
270	Thermus	41180	3045	19
283	Comamonas	64543	6872	18
286	Pseudomonas	2620265	33157	474
338	Xanthomonas	136750	7786	37
356	Hyphomicrobiales	4931035	60277	1036
357	Agrobacterium	138022	11038	21
374	Bradyrhizobium	743635	23825	104
379	Rhizobium	753185	21449	130
403	Methylococcaceae	136231	10679	37
407	Methylobacterium	279165	14229	55
433	Acetobacteraceae	457966	19036	136
434	Acetobacter	75049	5880	29
444	Legionellaceae	182192	9452	65
445	Legionella	166354	9296	63
468	Moraxellaceae	506126	14723	175
469	Acinetobacter	375953	11617	119
475	Moraxella	32356	3514	18
481	Neisseriaceae	123338	8200	56
482	Neisseria	49822	4219	25
497	Psychrobacter	70038	4503	29
506	Alcaligenaceae	514653	18279	115
517	Bordetella	127173	9693	28
543	Enterobacteriaceae	716256	17642	175
544	Citrobacter	79880	7539	18
547	Enterobacter	155061	9269	35
551	Erwinia	90057	7339	28
561	Escherichia	30769	5129	8
570	Klebsiella	51869	7223	12
590	Salmonella	10737	3771	3
613	Serratia	100930	8796	25
626	Xenorhabdus	80027	5975	24
629	Yersinia	76970	6468	20
635	Edwardsiella	11778	3208	4
641	Vibrionaceae	801443	21702	204
642	Aeromonas	109259	6550	30
657	Photobacterium	148675	10215	36
662	Vibrio	530084	18008	134
712	Pasteurellaceae	191699	6772	92
766	Rickettsiales	41305	2925	48
773	Bartonella	56405	2835	39
775	Rickettsiaceae	12429	1504	14
780	Rickettsia	8719	1318	9
810	Chlamydia	14707	1110	16
816	Bacteroides	213002	12057	51
830	Butyrivibrio	113852	7832	35
836	Porphyromonas	34606	3424	22
838	Prevotella	217158	9886	59
848	Fusobacterium	49008	4752	24
872	Desulfovibrio	160776	10001	23
906	Megasphaera	23079	3219	12
914	Nitrosomonas	72211	5905	28
942	Anaplasmataceae	20765	1632	25
943	Ehrlichia	5903	933	7
953	Wolbachia	7734	1060	9
963	Herbaspirillum	95767	8515	20
970	Selenomonas	57651	4540	25
976	Bacteroidota	6724274	82609	1879
1016	Capnocytophaga	34693	4219	16
1033	Afipia	45197	6598	12
1041	Erythrobacter	117746	6918	30
1046	Chromatiaceae	159099	12347	46
1060	Rhodobacter	70167	6911	14
1073	Rhodopseudomonas	62603	6523	14
1090	Chlorobiota	44771	3523	22
1091	Chlorobium	15036	2411	8
1111	Porphyrobacter	47481	4512	8
1117	Cyanobacteriota	1266995	28991	306
1118	Chroococcales	94057	8500	30
1129	Synechococcus	121627	7840	46
1150	Oscillatoriales	170791	11729	28
1161	Nostocales	472355	16920	84
1162	Nostocaceae	182943	11326	34
1177	Nostoc	133866	10581	23
1218	Prochlorococcus	52985	2642	34
1224	Pseudomonadota	28833714	282966	7040
1236	Gammaproteobacteria	11140634	117756	3125
1239	Bacillota	10189950	123841	3239
1243	Leuconostoc	18144	2500	11
1253	Pediococcus	19177	2862	11
1263	Ruminococcus	108443	9538	38
1268	Micrococcaceae	775909	17234	235
1279	Staphylococcus	146635	5991	59
1298	Deinococcus	157952	10196	45
1300	Streptococcaceae	310111	9871	168
1301	Streptococcus	265616	8395	145
1350	Enterococcus	175849	9775	63
1372	Planococcus	62673	4766	22
1375	Aerococcus	16842	2549	11
1380	Atopobium	11906	1899	6
1385	Bacillales	5057825	60525	1275
1386	Bacillus	1508798	30472	198
1485	Clostridium	497472	21399	148
1562	Desulfotomaculum	23752	3514	2
1569	Sporosarcina	65653	5817	21
1578	Lactobacillus	542691	14672	42
1637	Listeria	51708	4898	20
1654	Actinomyces	123709	7157	53
1663	Arthrobacter	487967	14224	132
1678	Bifidobacterium	137232	6290	78
1696	Brevibacterium	81002	6325	27
1707	Cellulomonas	147044	8552	45
1716	Corynebacterium	310953	9793	143
1730	Eubacterium	69147	8458	29
1760	Actinomycetes	15572536	128176	3321
1762	Mycobacteriaceae	1449319	23101	281
1763	Mycobacterium	877110	19771	169
1813	Amycolatopsis	410151	20333	54
1817	Nocardia	569964	21416	87
1827	Rhodococcus	366243	16780	65
1839	Nocardioides	315599	14358	87
1847	Pseudonocardia	141605	12591	24
1851	Saccharomonospora	41658	5621	11
1854	Frankia	108475	10765	10
1865	Actinoplanes	177397	14539	22
1883	Streptomyces	4022263	45746	568
1988	Actinomadura	322094	17385	42
2013	Nocardiopsis	130142	9385	27
2034	Curtobacterium	119585	6473	38
2040	Aeromicrobium	65934	6275	21
2049	Actinomycetaceae	206999	9090	107
2053	Gordonia	151306	9857	36
2062	Streptomycetaceae	4256325	46723	615
2063	Kitasatospora	114544	11154	18
2070	Pseudonocardiaceae	1242593	32199	180
2085	Mycoplasmatales	69878	4336	31
2092	Mycoplasmataceae	69192	4340	30
2093	Mycoplasma	66374	4205	29
2132	Spiroplasma	22876	2207	24
2146	Acholeplasmataceae	16202	1877	23
2147	Acholeplasma	10511	1660	5
2157	Archaea	1624658	41731	607
2160	Methanobacterium	27445	3560	12
2172	Methanobrevibacter	32488	3120	19
2175	Methanohalophilus	12689	2210	7
2182	Methanococcales	33702	2808	22
2183	Methanococcaceae	17191	2228	11
2184	Methanococcus	14195	2049	9
2191	Methanomicrobiales	73620	5541	32
2194	Methanomicrobiaceae	46976	4263	21
2206	Methanosarcinaceae	107805	6319	41
2207	Methanosarcina	50314	5084	16
2208	Methanosarcina barkeri	5427	2665	2
2220	Methanolobus	20144	3292	8
2231	Archaeoglobales	10160	2279	6
2233	Archaeoglobus	6073	1807	4
2235	Halobacteriales	337747	12929	102
2236	Halobacteriaceae	147802	8757	19
2237	Haloarcula	44251	5014	13
2239	Halobacterium	20563	3762	8
2249	Halococcus	27868	4572	9
2251	Haloferax	54542	5556	16
2256	Natronobacterium	5384	2680	2
2259	Thermococcaceae	107670	4381	54
2260	Pyrococcus	12128	2186	7
2263	Thermococcus	90491	4180	45
2266	Thermoproteales	38571	4781	17
2267	Thermoproteaceae	33888	4203	17
2272	Desulfurococcaceae	14497	3065	11
2273	Desulfurococcus	2334	1165	2
2281	Sulfolobales	55351	4186	24
2284	Sulfolobus	11123	2660	5
2301	Thermoplasmatales	11507	2068	8
2307	Pyrodictiaceae	5596	1669	4
2335	Thermotoga	10467	2089	6
2433	Roseobacter	27208	4558	8
2742	Marinobacter	222267	9379	63
2745	Halomonas	367809	11883	104
2747	Carnobacterium	28552	3773	13
2759	Eukaryota	80663947	742015	5952
2763	Rhodophyta	53420	10810	10
2836	Bacillariophyta	136337	16913	11
3041	Chlorophyta	404034	33154	43
3166	Chlorophyceae	236805	24544	21
3193	Embryophyta	10755119	134310	365
3646	Malpighiales	575580	26401	22
3699	Brassicales	917345	44186	25
3744	Rosales	472957	26161	20
3745	Rosaceae	351037	25659	14
4069	Solanales	597850	30130	25
4085	Nicotiana	122330	28554	4
4143	Lamiales	517316	30247	20
4447	Liliopsida	1855860	49706	62
4751	Fungi	25284407	245298	2692
4761	Chytridiomycota	590995	37233	71
4762	Oomycota	792966	42790	53
4764	Saprolegniaceae	134563	20314	9
4783	Phytophthora	465648	32859	27
4827	Mucorales	641499	25553	57
4890	Ascomycota	15664972	105517	1641
4891	Saccharomycetes	1498852	11887	297
4893	Saccharomycetaceae	792169	5211	163
5042	Eurotiales	2466494	32116	229
5052	Aspergillus	1243490	26277	115
5073	Penicillium	1058190	25997	98
5125	Hypocreales	2941497	34855	251
5129	Hypocreaceae	287442	13918	29
5139	Sordariales	275469	18203	29
5178	Helotiales	955801	38223	81
5204	Basidiomycota	6242028	112679	575
5206	Cryptococcus	345053	8037	54
5257	Ustilaginomycetes	148590	7784	23
5303	Polyporales	619197	17818	62
5317	Polyporaceae	340742	18413	30
5338	Agaricales	2351719	84038	156
5529	Metarhizium	155982	11309	16
5583	Exophiala	118379	14046	12
5658	Leishmania	111257	8217	14
5690	Trypanosoma	134803	10193	16
5794	Apicomplexa	556695	23034	113
5796	Coccidia	219663	15597	40
5800	Eimeria	37230	8210	7
5806	Cryptosporidium	55557	4504	15
5809	Sarcocystidae	120043	7589	17
5820	Plasmodium	281201	7440	56
5863	Piroplasmida	40385	4846	12
5864	Babesia	22628	3876	7
5878	Ciliophora	247609	32927	13
6029	Microsporidia	107553	7983	56
6073	Cnidaria	567024	38653	31
6101	Anthozoa	498133	39391	23
6231	Nematoda	964859	55000	79
6447	Mollusca	1131838	76149	52
6656	Arthropoda	14867896	144186	1088
6657	Crustacea	627717	38861	44
6854	Arachnida	894216	67093	53
6893	Araneae	366763	47751	14
6933	Acari	446611	33506	36
6960	Hexapoda	13158665	82341	989
7041	Coleoptera	1205873	44325	80
7088	Lepidoptera	5409526	26668	391
7147	Diptera	2925880	23858	236
7148	Nematocera	492177	13793	45
7157	Culicidae	352905	13009	31
7164	Anopheles	222678	12909	20
7203	Brachycera	2306288	17480	191
7214	Drosophilidae	1125721	17313	86
7215	Drosophila	1086835	17148	83
7399	Hymenoptera	2044715	20736	197
7434	Aculeata	1515077	20161	146
7524	Hemiptera	572095	31986	44
7742	Vertebrata	21291707	56137	1155
7898	Actinopterygii	5422081	28013	244
8292	Amphibia	433847	26752	21
8457	Sauropsida	6832624	27188	470
8509	Squamata	527776	23021	29
8782	Aves	5892754	23023	419
9108	Gruiformes	137317	17107	11
9126	Passeriformes	2695783	21106	194
9205	Pelecaniformes	90273	15543	7
9263	Metatheria	195133	20162	10
9347	Eutheria	7696205	41261	393
9362	Eulipotyphla	162376	18999	9
9443	Primates	1099085	25527	57
9604	Hominidae	137947	19951	7
9721	Cetacea	603125	22752	33
9989	Rodentia	1637190	28504	81
10239	Viruses	214289	29063	7962
10240	Poxviridae	8143	693	37
10241	Chordopoxvirinae	6397	466	30
10242	Orthopoxvirus	4521	227	4
10257	Parapoxvirus	2853	135	5
10260	Avipoxvirus	3248	234	3
10284	Entomopoxvirinae	2871	267	7
10286	Betaentomopoxvirus	2813	261	4
10292	Herpesviridae	\N	\N	\N
10293	Alphaherpesvirinae	3484	157	28
10294	Simplexvirus	2473	77	9
10319	Varicellovirus	2618	83	9
10357	Betaherpesvirinae	3276	392	22
10358	Cytomegalovirus	2230	217	8
10374	Gammaherpesvirinae	2993	167	27
10379	Rhadinovirus	2431	95	8
10405	Orthohepadnavirus	61	4	9
10437	Avihepadnavirus	50	3	7
10442	Baculoviridae	10340	680	75
10474	Fuselloviridae	251	51	10
10475	Alphafusellovirus	229	46	7
10477	Lipothrixviridae	418	90	7
10486	Iridoviridae	4896	500	22
10487	Iridovirus	2556	262	2
10492	Ranavirus	2241	133	10
10501	Phycodnaviridae	8438	1191	23
10508	Adenoviridae	2086	163	75
10509	Mastadenovirus	1608	90	49
10552	Aviadenovirus	1028	54	13
10639	Caulimovirus	176	9	11
10652	Badnavirus	393	21	56
10656	Tectiviridae	165	64	7
10663	Tequatrovirus	21941	1686	5
10780	Parvoviridae	539	37	132
10803	Dependoparvovirus	206	2	17
10806	Ambidensovirus	144	10	5
10811	Geminiviridae	3247	40	510
10812	Mastrevirus	808	7	41
10814	Begomovirus	3031	19	438
10841	Microviridae	222	42	43
10860	Inoviridae	319	88	36
10877	Cystoviridae	55	23	7
10882	Orthoreovirus	87	11	8
10892	Orbivirus	222	22	24
10912	Rotavirus	80	21	9
10979	Aquareovirus	92	12	7
10981	Cypovirus	50	14	8
10988	Fijivirus	58	11	7
10993	Birnaviridae	38	7	9
11006	Totiviridae	238	16	94
11007	Totivirus	120	6	10
11012	Partitiviridae	191	13	70
11018	Togaviridae	399	13	30
11050	Flaviviridae	1507	68	144
11051	Flavivirus	1055	26	23
11095	Pestivirus	134	10	13
11102	Hepacivirus	265	15	23
11118	Coronaviridae	1121	86	54
11157	Mononegavirales	2227	195	313
11158	Paramyxoviridae	821	27	65
11229	Morbillivirus	371	9	7
11244	Pneumoviridae	171	10	7
11266	Filoviridae	280	8	8
11270	Rhabdoviridae	1551	129	187
11271	Vesiculovirus	922	8	17
11286	Lyssavirus	775	7	17
11305	Cytorhabdovirus	479	17	12
11306	Nucleorhabdovirus	\N	\N	\N
11308	Orthomyxoviridae	149	23	16
11320	Influenza A virus	91	12	7
11572	Orthobunyavirus	235	9	36
11584	Phlebovirus	185	14	18
11617	Arenaviridae	197	11	39
11632	Retroviridae	682	71	67
11646	Lentivirus	255	24	10
11974	Caliciviridae	758	16	41
12036	Luteovirus	235	6	8
12051	Marafivirus	322	5	12
12058	Picornaviridae	2235	40	155
12059	Enterovirus	957	10	29
12091	Hepatovirus	661	6	11
12137	Sobemovirus	235	12	18
12141	Tombusvirus	240	5	16
12148	Tymovirus	507	7	23
12160	Closterovirus	518	25	11
12163	Carlavirus	1042	17	52
12176	Potexvirus	891	10	42
12195	Potyvirus	1420	32	120
12234	Tobamovirus	607	6	35
12258	Comovirus	635	5	10
12270	Nepovirus	746	8	25
12283	Nodaviridae	64	9	15
12291	Furovirus	426	6	6
12300	Bromovirus	275	4	7
12316	Ilarvirus	411	9	22
12877	Satellites	541	10	19
12916	Acidovorax	158499	11037	29
13687	Sphingomonas	537840	18404	148
13792	Mamiellales	34445	9053	5
27994	Theileriidae	17173	3833	5
28056	Micromonosporaceae	872823	24549	139
28105	Sinorhizobium	58953	7974	14
28196	Arcobacter	58302	4774	16
28211	Alphaproteobacteria	10875319	108505	2683
28216	Betaproteobacteria	5213368	68181	1209
28221	Deltaproteobacteria	1031842	43231	12
28228	Colwellia	84191	6774	21
28231	Geobacter	59596	6072	11
28253	Marinomonas	104986	7463	29
28256	Halomonadaceae	476417	12994	147
28453	Sphingobacterium	164519	9811	43
28556	Pleosporaceae	469105	18099	43
28568	Trichocomaceae	106322	13410	11
28738	Cyprinodontiformes	418653	23841	19
28884	Hydrogenovibrio	13959	2364	7
28890	Euryarchaeota	1426403	33146	488
29330	Alicyclobacillus	52000	5064	18
29465	Veillonella	33550	2974	20
29521	Brachyspira	31840	3283	13
29547	Campylobacterota	382806	12838	212
29580	Janthinobacterium	103850	8092	22
31932	Nitrosopumilales	24777	2622	14
31953	Bifidobacteriaceae	164674	6764	100
31957	Propionibacteriaceae	144956	10580	56
31969	Mollicutes	120986	7181	96
31977	Veillonellaceae	83249	5860	46
31979	Clostridiaceae	767555	25871	208
31989	Paracoccaceae	2544319	34128	349
32003	Nitrosomonadales	269788	13221	106
32008	Burkholderia	460319	20713	67
32011	Methylophilaceae	59144	4534	28
32033	Xanthomonadaceae	659253	18131	200
32066	Fusobacteriota	108022	7479	55
32067	Leptotrichia	27698	3338	13
32199	Buchnera	25132	640	52
32523	Tetrapoda	15216153	47229	896
32613	Ephemerovirus	860	20	9
33055	Candidatus Kinetoplastibacterium	4142	747	6
33057	Thauera	49668	5866	14
33090	Viridiplantae	11354421	154313	416
33183	Onygenales	468732	12227	65
33208	Metazoa	40531522	275697	2506
33392	Endopterygota	12106590	69051	914
33554	Carnivora	1363880	24550	72
33630	Alveolata	919054	52795	143
33634	Stramenopiles	1098990	54776	88
33682	Euglenozoa	313669	12553	40
33877	Agromyces	107593	6809	32
33882	Microbacterium	455177	13635	144
33926	Phytoplasma	5600	577	14
33958	Lactobacillaceae	635269	19939	320
33986	Exiguobacterium	59943	4576	21
34019	Liberibacter	4355	942	5
34064	Francisellaceae	22954	2373	15
34072	Variovorax	246549	14091	42
34098	Blattabacterium	4944	587	9
34365	Saccharomycodaceae	27153	4914	7
34379	Pseudeurotiaceae	99932	13141	22
34384	Arthrodermataceae	178945	8198	24
34395	Chaetothyriales	359615	14805	38
34397	Clavicipitaceae	382688	11584	49
34735	Apoidea	888906	16766	87
35278	unclassified ssRNA positive-strand viruses	11585	635	41
35325	dsRNA viruses	1510	249	22
35342	unclassified ssDNA viruses	5491	295	92
36668	Formicidae	400631	15080	37
37572	Papilionoidea	765185	24023	59
37989	Xylariales	1301630	29180	118
38820	Poales	1347262	48389	40
39152	Methanococcus maripaludis	6646	1752	4
39724	Circoviridae	1083	29	199
39725	Circovirus	470	6	49
39729	Potyviridae	1608	49	155
39731	Bymovirus	273	7	6
39733	Astroviridae	359	13	48
39734	Umbravirus	180	5	9
39738	Tombusviridae	466	28	81
39740	Bromoviridae	518	16	38
39744	Rubulavirus	\N	\N	\N
39748	Hypoviridae	17	6	9
39749	Hypovirus	17	6	2
40119	Parvovirinae	374	15	92
40120	Densovirinae	224	22	30
40122	Iteradensovirus	51	3	8
40222	Methylophaga	16774	2980	7
40272	Roseolovirus	1659	88	6
40274	Chlamydiamicrovirus	93	8	5
40276	Trichovirus	528	9	6
40323	Stenotrophomonas	173525	9131	49
40674	Mammalia	7936901	42608	405
41084	Polyphaga	1123735	44258	75
41275	Brevundimonas	82605	5807	31
41294	Nitrobacteraceae	1072326	27085	143
41295	Rhodospirillaceae	537685	22692	63
41297	Sphingomonadaceae	1216381	25429	308
41938	Malvales	987792	41022	29
41980	Metallosphaera	10138	2250	5
43668	Brachybacterium	58316	5127	20
43988	Cyanothece	4618	2184	2
44000	Caldicellulosiruptor	19498	2620	9
44249	Paenibacillus	1295939	30045	241
45401	Hyphomicrobiaceae	251385	14428	29
45669	Salinicoccus	28931	3111	10
45989	Methanoculleus	22619	2989	10
46255	Weissella	34106	3339	20
46913	Devosia	108919	8145	29
47251	Leptolyngbya	65338	8092	13
48075	Marinobacterium	41910	5773	11
48736	Ralstonia	49260	6904	11
49277	Psychroserpens	16910	3242	6
49546	Flavobacteriaceae	2911857	38702	691
50557	Insecta	13103758	81851	986
51368	unclassified dsDNA viruses	189944	27008	7
52959	Polaribacter	75917	5531	27
53246	Pseudoalteromonas	276594	13214	68
53335	Pantoea	167771	9053	50
55080	Brevibacillus	120407	10123	25
55968	Leucobacter	60936	5388	23
56688	Halorubrum	126708	6589	42
57493	Kocuria	51118	5053	19
57665	Sulfurospirillum	21467	3037	9
57723	Acidobacteriota	221781	14119	56
59732	Chryseobacterium	551388	14229	127
59753	Alcanivorax	56741	5921	13
60136	Sulfitobacter	112722	7838	26
60846	Halogeometricum	12687	3682	4
63742	Natrialba	28565	5066	8
64895	Borreliella	11801	1147	10
65551	Meiothermus	27156	3896	9
67572	Psychromonas	42210	5976	14
67753	Crinivirus	453	17	14
68287	Mesorhizobium	550517	18976	92
68295	Thermoanaerobacterales	111862	7790	21
68336	Bacteroidota/Chlorobiota group	6839974	84437	1932
68525	delta/epsilon subdivisions	1419066	50517	12
68889	Boletales	754998	33409	58
69277	Phyllobacteriaceae	786036	21499	148
69541	Desulfuromonadales	129400	8614	20
69657	Hyphomonadaceae	124279	8084	25
69973	Closteroviridae	772	49	45
71240	eudicotyledons	7800253	108553	266
72025	Fabales	1061309	43602	35
72273	Thiotrichales	162185	11924	71
72274	Pseudomonadales	3164360	39313	598
72275	Alteromonadaceae	506368	17788	78
72276	Ectothiorhodospiraceae	147790	9055	54
72293	Helicobacteraceae	141136	7131	74
72294	Campylobacteraceae	211551	8845	56
74030	Roseovarius	113892	7953	33
74201	Verrucomicrobiota	176564	15995	59
75682	Oxalobacteraceae	702381	21987	147
75966	Trebouxiophyceae	89609	12933	12
76803	Arteriviridae	358	35	21
76804	Nidovirales	1513	128	99
76890	Asticcacaulis	37981	5069	11
76892	Caulobacteraceae	301940	13155	85
79206	Desulfosporosinus	67198	6793	16
80840	Burkholderiales	4359230	59257	908
80864	Comamonadaceae	1097286	28244	242
81852	Enterococcaceae	231994	10427	90
82115	Rhizobiaceae	1232071	25251	228
83614	Luteimonas	58316	5079	22
83618	Pseudoxanthomonas	73671	6033	23
83676	Nocardiopsaceae	182032	10261	39
84406	Virgibacillus	64583	6328	18
84566	Sphingobacteriaceae	839034	20988	196
84567	Pedobacter	380304	14847	85
84642	Aeromonadaceae	155614	8260	46
84998	Coriobacteriia	185319	8330	99
84999	Coriobacteriales	115499	5983	67
85006	Micrococcales	3118004	40870	978
85007	Mycobacteriales	3002046	42122	655
85009	Propionibacteriales	817757	24602	202
85011	Kitasatosporales	4256325	46723	616
85012	Streptosporangiales	995530	27238	149
85015	Nocardioidaceae	666363	21750	119
85016	Cellulomonadaceae	176982	9659	54
85021	Intrasporangiaceae	242409	11460	57
85023	Microbacteriaceae	1392920	24222	449
85025	Nocardiaceae	975653	26756	165
85413	Bosea	149371	10077	29
88723	Natrinema	36012	5255	18
89373	Cytophagaceae	422033	18911	32
89404	Glaciecola	17418	3364	7
89966	Hymenobacter	195924	9867	50
90142	Ferroplasmaceae	2624	1293	2
90964	Staphylococcaceae	215713	7608	91
91061	Bacilli	6414990	77473	1932
91347	Enterobacterales	1789656	27133	522
91561	Artiodactyla	1805306	24289	97
92860	Pleosporales	1122915	18979	106
93133	Mycosphaerellaceae	207140	18366	20
93217	Pandoraea	110855	7283	25
95337	Vesivirus	401	7	10
95341	Sapovirus	310	5	7
95342	Sapporo virus	235	5	5
97050	Ruegeria	106864	7394	23
99479	Tetrasphaera	18319	3917	5
100953	Atadenovirus	877	32	8
102106	Collinsella	26765	3130	16
104267	Tenacibaculum	71744	6379	25
104394	Picobirnavirus	13	2	7
104766	Nanovirus	221	8	9
106589	Cupriavidus	186236	13146	32
106633	Thioalkalivibrio	62600	5311	24
110456	Teseptimavirus	3743	190	7
110618	Nectriaceae	1729147	32771	119
110932	Leifsonia	67670	6104	22
114380	Desulfurococcales	20606	3552	15
115784	Phaffomycetaceae	46231	6660	12
117743	Flavobacteriia	2985015	39726	911
117747	Sphingobacteriia	841729	20967	197
118969	Legionellales	200790	10140	81
119045	Methylobacteriaceae	401922	17315	79
119060	Burkholderiaceae	1670287	34286	295
119089	Chromadorea	878856	55114	64
119164	Polerovirus	353	10	33
121871	Haloterrigena	47453	6000	5
122277	Pectobacterium	56018	5844	14
128706	Haloviruses	\N	\N	\N
128827	Erysipelotrichaceae	129508	10435	42
129725	Foveavirus	781	12	10
133925	Olsenella	39673	3836	18
134362	Capnodiales	10036	4953	2
134813	Natronorubrum	28281	4917	9
135575	Idiomarina	72955	4134	14
135613	Chromatiales	352867	16701	115
135614	Xanthomonadales	929385	22444	276
135616	Piscirickettsiaceae	73064	6122	34
135619	Oceanospirillales	1003379	26545	288
135620	Oceanospirillaceae	275736	12880	80
135622	Alteromonadales	1399452	31428	326
135623	Vibrionales	801443	21702	204
135625	Pasteurellales	191699	6772	96
136099	Knoellia	20758	3888	7
137757	Ipomovirus	476	11	7
140052	Betaretrovirus	250	11	10
140410	Peduovirus	1823	147	7
140568	Allexivirus	697	9	12
142786	Norovirus	422	5	12
142796	Eumycetozoa	57508	9190	7
143919	Betanodavirus	17	3	5
143920	Alphanodavirus	62	4	5
144051	Cripavirus	729	8	5
147541	Dothideomycetes	2396300	28716	225
147545	Eurotiomycetes	3344226	36753	335
147548	Leotiomycetes	1289578	38488	120
147550	Sordariomycetes	5970950	51947	518
149698	Massilia	214391	12052	33
150247	Anoxybacillus	23437	3632	9
151340	Papillomaviridae	1235	25	197
151341	Polyomaviridae	589	15	117
153057	Alpharetrovirus	112	12	9
153135	Gammaretrovirus	188	13	17
153136	Deltaretrovirus	177	12	8
155616	Tremellomycetes	525417	9800	84
155619	Agaricomycetes	4989726	96389	389
156207	Tritimovirus	511	8	5
156973	Dysgonomonas	30471	4505	10
157897	Rudiviridae	648	100	14
162289	Peptoniphilus	34195	3286	22
162481	Microbotryomycetes	109977	8522	18
162484	Pucciniomycetes	168495	16882	15
165695	Sphingobium	166951	10444	41
165696	Novosphingobium	213000	12007	53
165697	Sphingopyxis	119843	8065	31
165779	Anaerococcus	31672	3345	19
171549	Bacteroidales	846177	23183	312
171550	Rikenellaceae	56848	5758	25
171551	Porphyromonadaceae	53787	4970	30
171552	Prevotellaceae	240858	10319	106
178830	Bornaviridae	325	10	17
180252	Mardivirus	1795	79	6
181083	Chlorovirus	3883	521	5
181084	Prasinovirus	2684	296	11
182709	Oceanobacillus	87133	7071	24
183924	Thermoprotei	121122	8839	63
183925	Methanobacteria	76216	5138	41
183963	Halobacteria	957395	19762	279
183967	Thermoplasmata	18068	3074	13
184751	Vitivirus	553	12	15
186328	Entomoplasmatales	32464	2431	39
186457	Aureusvirus	197	4	5
186532	Ceduovirus	355	41	7
186534	Caulimoviridae	495	36	81
186536	Ebolavirus	\N	\N	\N
186764	Fromanvirus	13977	561	78
186765	Lambdavirus	6950	522	4
186766	Narnaviridae	67	7	10
186767	Narnavirus	10	3	5
186768	Mitovirus	51	2	7
186777	Muvirus	730	88	3
186794	Lederbergvirus	2595	167	17
186801	Clostridia	3112258	59062	1016
186802	Eubacteriales	2920376	56497	561
186803	Lachnospiraceae	921185	26927	284
186804	Peptostreptococcaceae	112501	8448	41
186806	Eubacteriaceae	127028	10511	48
186807	Peptococcaceae	193416	11347	21
186814	Thermoanaerobacteraceae	64256	6051	19
186817	Bacillaceae	2505882	35786	638
186818	Planococcaceae	309469	11862	104
186820	Listeriaceae	55676	5110	22
186822	Paenibacillaceae	1622755	32939	309
186823	Alicyclobacillaceae	83330	7406	31
186826	Lactobacillales	1345652	27317	656
186827	Aerococcaceae	39867	3771	25
186828	Carnobacteriaceae	112352	6295	53
186886	Pomovirus	317	8	5
186938	Respirovirus	436	12	7
187213	Rudivirus	452	63	2
187214	Soymovirus	120	6	5
187218	Tequintavirus	4895	368	9
187857	Aquificae	43547	3759	27
188786	Thermaceae	85313	5627	35
188905	Jannaschia	36696	5094	11
190729	Betasatellite	116	1	117
191412	Chlorobiaceae	44771	3523	21
194924	Desulfovibrionaceae	209195	10767	69
194960	Kobuvirus	716	6	11
198251	Pelagibacter	21982	1821	21
198601	Satellite Nucleic Acids	\N	\N	\N
200643	Bacteroidia	1007734	26981	356
200644	Flavobacteriales	2979383	39718	908
200795	Chloroflexota	211994	17393	57
200918	Thermotogota	79111	5386	42
201174	Actinomycetota	15906662	133302	3458
203491	Fusobacteriales	108022	7479	55
203492	Fusobacteriaceae	65751	5783	31
203682	Planctomycetota	582513	28576	137
203691	Spirochaetota	420635	18849	149
203692	Spirochaetia	420635	18849	149
203804	Blochmannia	2861	600	5
204428	Chlamydiota	35457	3397	32
204434	Acidobacteriaceae	168222	11724	42
204441	Rhodospirillales	1080063	32061	294
204455	Rhodobacterales	2700863	36938	648
204457	Sphingomonadales	1554791	27719	444
206351	Neisseriales	298885	15423	111
213115	Desulfovibrionales	259989	12168	86
213118	Desulfobacterales	157406	12297	26
213119	Desulfobacteraceae	104897	10703	12
213422	Geobacteraceae	85925	7274	20
213849	Campylobacterales	359319	12171	196
216572	Oscillospiraceae	387830	18342	153
217160	Ampelovirus	492	13	11
224756	Methanomicrobia	207341	10311	83
227290	Rhizobium/Agrobacterium group	971097	22999	175
227307	Gyrovirus	16	2	8
228398	Streptacidiphilus	71084	8785	9
231213	Sporidiobolales	75225	8517	12
232795	Dicistroviridae	1270	13	24
232799	Iflavirus	1093	9	24
238783	Pseudorhodobacter	25521	4048	7
239759	Alistipes	37801	4533	17
245186	Loktanella	34642	5227	11
245876	Nitratireductor	36782	5390	10
246875	Algoriphagus	115668	7257	30
249184	Tymoviridae	612	7	45
249185	Maculavirus	454	7	6
249310	Chrysoviridae	120	11	13
249588	Mamastrovirus	182	8	28
249589	Avastrovirus	44	3	5
251095	Nanoviridae	257	11	11
252356	Maribacter	84607	6240	25
255475	Aurantimonadaceae	128674	9458	33
260963	Avulavirus	\N	\N	\N
260964	Henipavirus	432	9	5
283494	Geminialphasatellitinae	295	3	55
289201	Pontibacillus	18996	3820	6
290174	Aquimarina	90977	8295	23
291183	Lacinutrix	25192	3649	8
299071	Ajellomycetaceae	158281	10282	19
300275	Lachancea	44771	5210	9
302485	Phaeobacter	43927	5518	12
314145	Laurasiatheria	4428952	31145	232
314146	Euarchontoglires	2927995	34189	146
314147	Glires	1739686	28641	86
314294	Cercopithecoidea	411782	23131	21
314295	Hominoidea	231750	20784	12
323449	Pontibacter	74421	6085	19
325454	Deltapapillomavirus	713	9	9
325455	Gammapapillomavirus	1061	9	47
325462	Lambdapapillomavirus	756	6	6
327045	Orthoretrovirinae	632	61	56
327046	Spumaretrovirinae	122	10	6
333750	Alphapapillomavirus	939	8	17
333922	Betapapillomavirus	889	8	7
333938	non-primate mammal papillomaviruses	1046	16	15
334211	Pipapillomavirus	881	6	5
335929	Erythrobacteraceae	326412	10860	117
338191	Nitrosopumilus	19537	2466	11
341940	Betalipothrixvirus	381	77	6
361177	Altererythrobacter	116513	7022	8
363408	Nonlabens	32834	3762	13
367188	Haladaptatus	14040	4139	4
371730	Enquatrovirus	3551	325	1
373507	Single stranded RNA satellites	4	2	10
387342	Halopiger	16838	4175	4
400634	Lysinibacillus	131321	8922	29
413496	Cronobacter	19377	4406	5
414371	Aureimonas	57128	6454	17
418101	Plasmodium (Vinckeia)	59087	4919	12
418103	Plasmodium (Plasmodium)	101167	6396	19
418107	Plasmodium (Laverania)	105344	5225	22
422676	Aconoidasida	329249	10433	70
439488	ssRNA viruses	\N	\N	\N
459786	Oscillibacter	12327	2781	5
464095	Picornavirales	3013	89	371
474942	Ophiocordycipitaceae	148710	13078	19
474943	Cordycipitaceae	133080	12290	15
477967	Phikmvvirus	2799	161	9
478070	Labrenzia	67279	7323	7
490567	Arenimonas	18974	2971	8
490731	Kwoniella	65823	8227	9
508458	Synergistota	40994	4412	20
542836	Picovirinae	814	90	2
542837	Zindervirus	1731	83	3
544448	Mycoplasmatota	127734	7853	184
548681	Herpesvirales	7236	838	88
548682	Alloherpesviridae	1016	155	9
549779	Mimiviridae	5600	845	5
554915	Amoebozoa	89270	9157	19
558016	Alphabaculovirus	8903	447	48
558017	Betabaculovirus	5248	291	23
563798	Cyclobacteriaceae	223926	10236	57
563835	Chitinophagaceae	527366	20989	113
564644	Endornaviridae	167	11	31
572511	Blautia	61807	7620	18
649777	Synergistaceae	40994	4412	7
651137	Nitrososphaerota	65003	5322	35
674979	Bacilladnavirus	\N	\N	\N
674981	Victorivirus	156	3	28
675063	Tymovirales	1573	62	220
675064	Alphaflexiviridae	1006	14	58
675068	Betaflexiviridae	1319	45	109
675071	Virgaviridae	810	19	57
675072	Secoviridae	1213	24	64
675073	Torradovirus	424	4	8
675075	Comovirinae	993	14	42
680277	Kuravirus	2392	175	4
680287	Rosenblumvirus	241	24	8
686565	Gokushovirinae	104	10	15
687329	Anelloviridae	212	24	91
687331	Alphatorquevirus	124	5	31
687332	Betatorquevirus	107	8	16
693995	Coronavirinae	1055	70	1
693996	Alphacoronavirus	671	23	23
694002	Betacoronavirus	769	46	17
694017	Torovirinae	135	22	3
699189	Iflaviridae	1297	10	37
742914	Cyclovirus	378	4	46
766764	Debaryomycetaceae	334687	7525	59
768503	Cytophagia	1193457	31374	279
768507	Cytophagales	1193457	31374	279
857473	Spounavirinae	7064	673	4
909929	Selenomonadales	177804	10088	61
944644	Marseilleviridae	3186	506	5
988644	unclassified ssRNA negative-strand viruses	3370	298	4
1028384	Glomerellales	893694	23469	71
1075397	Halolamina	15131	3222	6
1156497	Pichiaceae	107065	7154	19
1159901	Deltacoronavirus	522	20	10
1196844	Hpunavirus	444	47	2
1198136	Tevenvirinae	25545	2225	24
1198140	Felixounavirus	4273	172	13
1198980	Pbunavirus	1147	103	7
1206795	Lophotrochozoa	1601056	75474	105
1213379	Aparavirus	317	7	6
1235850	Methanomassiliicoccales	6238	1638	5
1286322	Leishmaniinae	134882	8244	17
1299429	Yuavirus	1079	96	3
1307798	Negevirus	429	8	6
1307799	Pegivirus	210	15	14
1312872	Mesoniviridae	101	8	10
1330069	Megrivirus	599	6	8
1441744	Nanoalphasatellitinae	227	1	20
1458186	Alphasatellitidae	338	3	79
1489911	Cichliformes	234654	22762	11
1499392	Chromobacteriaceae	170547	11618	28
1506553	Lachnoclostridium	60616	7237	20
1506574	Protoparvovirus	215	6	10
1507401	Bocaparvovirus	274	5	32
1508657	Ruminiclostridium	25412	4307	8
1511808	Alphapartitivirus	62	3	15
1511809	Betapartitivirus	74	4	19
1511811	Gammapartitivirus	70	3	7
1511852	Nudiviridae	1472	127	9
1511857	Ligamenvirales	1000	178	22
1511860	Amalgaviridae	17	3	10
1511891	Dependoparvovirus primate1	185	2	6
1511911	Tetraparvovirus	172	2	8
1542744	Gemycircularvirus	726	3	52
1549675	Galloanserae	425301	18085	29
1570339	Peptoniphilaceae	95855	6002	60
1623273	Triavirus	2839	143	12
1623275	Andromedavirus	862	96	7
1623281	Cheoctovirus	9247	353	51
1623289	Dhillonvirus	1701	78	10
1623298	Phietavirus	5677	303	26
1623303	Brussowvirus	483	63	7
1623304	Moineauvirus	957	75	5
1623305	Skunavirus	1528	99	19
1623306	Timquatrovirus	3423	163	4
1623309	Xipdecavirus	1156	68	3
1643685	Borreliaceae	20416	1351	19
1643824	Atopobiaceae	57620	4276	35
1643826	Eggerthellaceae	66818	5505	32
1644055	Haloferacales	353647	11513	110
1644056	Haloferacaceae	148874	8468	45
1644060	Natrialbales	254470	10157	67
1644061	Natrialbaceae	254470	10157	67
1653394	Mammarenavirus	177	5	30
1661063	Fusariviridae	25	5	11
1706369	Cellvibrionales	325473	16344	115
1706371	Cellvibrionaceae	95213	8768	27
1714267	Sphaerolipoviridae	215	74	5
1737404	Tissierellia	152037	8464	91
1737405	Tissierellales	137268	8053	83
1775411	Rhodanobacteraceae	263311	12136	76
1822464	Paraburkholderia	550600	20958	83
1843491	Selenomonadaceae	86780	5577	38
1853232	Hymenobacteraceae	335270	13358	83
1857843	Kayvirus	2229	220	3
1866885	Mycolicibacterium	432491	15763	84
1890424	Synechococcales	384568	16585	92
1890426	Synechococcaceae	148777	8365	48
1891713	Alphapolyomavirus	471	4	44
1891714	Betapolyomavirus	489	7	34
1891716	Gammapolyomavirus	318	5	7
1903409	Erwiniaceae	333153	11341	151
1903410	Pectobacteriaceae	150554	9270	37
1903411	Yersiniaceae	277130	12455	67
1903414	Morganellaceae	228691	11003	67
1910928	Genomoviridae	746	5	96
1910950	Bullavirinae	70	13	7
1910976	Guernseyvirinae	2510	130	22
1910991	Jerseyvirus	2200	96	14
1910999	Tunavirinae	3637	239	7
1911599	Alphacarmovirus	207	4	7
1911602	Pelarspovirus	181	3	6
1911604	Alphapleolipovirus	39	14	5
1911928	Vequintavirinae	5607	492	10
1911929	Caeruleovirus	4592	278	6
1912216	Cutibacterium	9514	2275	5
1912760	Cequinquevirus	978	59	6
1913637	Mucoromycota	1315939	24059	157
1913652	Mosigvirus	6967	283	3
1914165	Dhakavirus	8528	298	4
1914297	Quinvirinae	1090	23	69
1914298	Trivirinae	773	28	40
1914299	Robigovirus	632	11	5
1914850	Certrevirus	3895	296	3
1920753	Gamaleyavirus	2006	115	8
1920774	Drulisvirus	1950	71	9
1920860	Webervirus	1861	87	5
1920866	Rogunavirus	2230	96	6
1921184	Pagevirus	689	56	6
1921556	Sinaivirus	84	4	7
1922209	Triatovirus	363	3	4
1922327	Wphvirus	3416	306	5
1922329	Enhodamvirus	313	49	4
1925779	Nankokuvirus	1436	163	3
1941236	Gemykibivirus	704	2	24
1963268	Haloarculaceae	155607	9349	49
1963271	Halorubraceae	197381	8805	65
1972611	Hapavirus	913	22	15
1978532	Ledantevirus	796	11	15
1980410	Bunyavirales	807	67	217
1980412	Fimoviridae	97	8	9
1980413	Hantaviridae	211	6	35
1980415	Nairoviridae	87	6	18
1980416	Peribunyaviridae	430	25	41
1980418	Phenuiviridae	232	26	46
1980419	Tospoviridae	203	5	18
1981156	Sepvirinae	2440	200	13
1981159	Oslovirus	1405	106	5
1982251	Pahexavirus	3132	59	59
1982875	Arquatrovirinae	2549	96	10
1982876	Bclasvirinae	2745	205	17
1982878	Pclasvirinae	2250	113	7
1982880	Likavirus	1827	84	6
1982898	Coopervirus	1837	108	8
1985285	Ounavirinae	5121	231	21
1985366	Gemygorvirus	656	2	6
1985692	Sripuvirus	786	10	5
1985711	Friunavirus	1964	63	18
1985720	Przondovirus	2303	58	6
2003394	Alphaendornavirus	86	6	17
2003403	Simartevirus	\N	\N	\N
2017756	Alphairidovirinae	2892	254	15
2080735	DNA viruses	\N	\N	\N
2169529	Ackermannviridae	5271	259	11
2169531	Cvivirinae	4083	228	4
2169561	Ortervirales	1060	105	149
2169595	Firstpapillomavirinae	1207	22	178
2169619	Colecusatellite	138	1	19
2169646	Sopolycivirus	105	7	6
2259884	unclassified Smacoviridae	38	4	1
2583835	unclassified Ortervirales	\N	\N	\N
2731619	Caudoviricetes	150195	20594	1996
2731643	Autographiviridae	8588	626	166
2732541	Reovirales	676	137	88
2732548	Tolivirales	553	20	82
2733115	Naesvirus	287	61	2
2842319	Fiersviridae	33	6	10
2842664	Emesvirus	28	5	2
2946167	Peduoviridae	2068	185	34
2946186	Sedoreoviridae	359	61	41
2946187	Spinareoviridae	300	73	39
2946196	Polydnaviriformidae	129	21	5
